45.8005495	4.7674263
50.42576069	6.02902567
31.64645005	-8.0124942
50.712166	2.813004
49.4212388	1.071426
49.421248	1.071379
50.772187	3.003955
46.192846	5.24032
50.379893	3.149042
50.884679	4.275867
50.38261	3.140586
50.59912456	5.4712352
48.819787017743	7.8115364982239
49.438144	6.079691
48.5318183	7.7211025
50.841761	4.39824
51.25778225	4.58132635
49.253529017161	4.0549339819097
50.47910415	4.1498442
49.81206	4.61177
50.547268	3.038161
51.042539	2.384806
50.631001020245	3.0471980374696
50.379555	3.062928
48.569290333689	7.7622463678161004
50.665718	3.045904
49.779219	4.706285
50.45486565	4.89720865
50.444174	2.920021
48.212512	16.235687
50.379231	3.052505
50.466055	2.595102
48.1114186	7.3922811
44.863935	1.243763
50.89235	4.369947
-20.436199	-54.616687
-20.43619	-54.616705
48.78473	4.911448
49.28633	5.962039
49.036236	7.952967
49.34576615	1.0751271
49.360766	1.096073
49.360735	1.095892
49.347094	1.104534
49.360757	1.096003
49.360809	1.096177
50.547263	3.038585
43.61039585	3.8742675
49.34576615	1.0751271
49.34576615	1.0751271
50.53013995	2.6440342
51.03116635	2.33688785
50.4388508	2.8176705
50.43793745	3.4444472
50.7275452	2.97234925
